*STRUCTYPE
     0, 1, 1, NO, YES, 9.806, 0, NO, NO, NO

*LOADTOMASS, XYZ, YES, YES, YES, YES, 9.806
   PAVEMENT, 1
   
*SFUNCTION
   FUNC=e1, 1, 0, 1, 9.806, 0.05, "JTG/T B02-01-2008:?=0.05,Tg=0.25,Ci=0.5,Cs=0.9,Cd=0.9,EPA=0.15,Smax=0.151875", 1.000000
   JTG/T B02-01-2008, B, 0.35, 1, 7(0.15g), E1, 0.25, 0.5, 0.9, 1, 0.15, 0.151875, 6, 0.05, 1, 0, 0
          0.000000,    0.06834375,   0.060000,     0.1184625
          0.100000,      0.151875,   0.120000,      0.151875
          0.180000,      0.151875,   0.240000,      0.151875
          0.250000,      0.151875,   0.300000,     0.1265625
          0.360000,    0.10546875,   0.420000, 0.090401785714
          0.480000,  0.0791015625,   0.540000,     0.0703125
          0.600000,    0.06328125,   0.660000, 0.057528409091
          0.720000,   0.052734375,   0.780000, 0.048677884615
          0.840000, 0.045200892857,   0.900000,     0.0421875
          0.960000, 0.03955078125,   1.020000, 0.037224264706
          1.080000,    0.03515625,   1.140000, 0.033305921053
          1.200000,   0.031640625,   1.260000, 0.030133928571
          1.320000, 0.028764204545,   1.380000, 0.027513586957
          1.440000,  0.0263671875,   1.500000,     0.0253125
          1.560000, 0.024338942308,   1.620000,     0.0234375
          1.680000, 0.022600446429,   1.740000, 0.02182112069
          1.800000,    0.02109375,   1.860000, 0.020413306452
          1.920000, 0.019775390625,   1.980000, 0.019176136364
          2.040000, 0.018612132353,   2.100000, 0.018080357143
          2.160000,   0.017578125,   2.220000, 0.017103040541
          2.280000, 0.016652960526,   2.340000, 0.016225961538
          2.400000,  0.0158203125,   2.460000, 0.01543445122
          2.520000, 0.015066964286,   2.580000, 0.014716569767
          2.640000, 0.014382102273,   2.700000,     0.0140625
          2.760000, 0.013756793478,   2.820000, 0.013464095745
          2.880000, 0.01318359375,   2.940000, 0.012914540816
          3.000000,    0.01265625,   3.060000, 0.012408088235
          3.120000, 0.012169471154,   3.180000, 0.011939858491
          3.240000,    0.01171875,   3.300000, 0.011505681818
          3.360000, 0.011300223214,   3.420000, 0.011101973684
          3.480000, 0.010910560345,   3.540000, 0.010725635593
          3.600000,   0.010546875,   3.660000, 0.01037397541
          3.720000, 0.010206653226,   3.780000, 0.010044642857
          3.840000, 0.0098876953125,   3.900000, 0.0097355769231
          3.960000, 0.0095880681818,   4.020000, 0.0094449626866
          4.080000, 0.0093060661765,   4.140000, 0.0091711956522
          4.200000, 0.0090401785714,   4.260000, 0.0089128521127
          4.320000,  0.0087890625,   4.380000, 0.0086686643836
          4.440000, 0.0085515202703,   4.500000,     0.0084375
          4.560000, 0.0083264802632,   4.620000, 0.0082183441558
          4.680000, 0.0081129807692,   4.740000, 0.0080102848101
          4.800000, 0.00791015625,   4.860000,     0.0078125
          4.920000, 0.0077172256098,   4.980000, 0.007624246988
          5.040000, 0.0075334821429,   5.100000, 0.0074448529412
          5.160000, 0.0073582848837,   5.220000, 0.0072737068966
          5.280000, 0.0071910511364,   5.340000, 0.007110252809
          5.400000,    0.00703125,   5.460000, 0.0069539835165
          5.520000, 0.0068783967391,   5.580000, 0.0068044354839
          5.640000, 0.0067320478723,   5.700000, 0.0066611842105
          5.760000, 0.006591796875,   5.820000, 0.0065238402062
          5.880000, 0.0064572704082,   5.940000, 0.0063920454545
          6.000000,   0.006328125
   FUNC=e2, 1, 0, 1, 9.806, 0.05, "JTG/T B02-01-2008:?=0.05,Tg=0.25,Ci=1.7,Cs=0.9,Cd=0.9,EPA=0.15,Smax=0.516375", 1.000000
   JTG/T B02-01-2008, B, 0.35, 1, 7(0.15g), E2, 0.25, 1.7, 0.9, 1, 0.15, 0.516375, 6, 0.05, 1, 0, 0
          0.000000,    0.23236875,   0.060000,     0.4027725
          0.100000,      0.516375,   0.120000,      0.516375
          0.180000,      0.516375,   0.240000,      0.516375
          0.250000,      0.516375,   0.300000,     0.4303125
          0.360000,    0.35859375,   0.420000, 0.30736607143
          0.480000,  0.2689453125,   0.540000,     0.2390625
          0.600000,    0.21515625,   0.660000, 0.19559659091
          0.720000,   0.179296875,   0.780000, 0.16550480769
          0.840000, 0.15368303571,   0.900000,     0.1434375
          0.960000, 0.13447265625,   1.020000,     0.1265625
          1.080000,    0.11953125,   1.140000, 0.11324013158
          1.200000,   0.107578125,   1.260000, 0.10245535714
          1.320000, 0.097798295455,   1.380000, 0.093546195652
          1.440000,  0.0896484375,   1.500000,     0.0860625
          1.560000, 0.082752403846,   1.620000,     0.0796875
          1.680000, 0.076841517857,   1.740000, 0.074191810345
          1.800000,    0.07171875,   1.860000, 0.069405241935
          1.920000, 0.067236328125,   1.980000, 0.065198863636
          2.040000,    0.06328125,   2.100000, 0.061473214286
          2.160000,   0.059765625,   2.220000, 0.058150337838
          2.280000, 0.056620065789,   2.340000, 0.055168269231
          2.400000,  0.0537890625,   2.460000, 0.052477134146
          2.520000, 0.051227678571,   2.580000, 0.050036337209
          2.640000, 0.048899147727,   2.700000,     0.0478125
          2.760000, 0.046773097826,   2.820000, 0.045777925532
          2.880000, 0.04482421875,   2.940000, 0.043909438776
          3.000000,    0.04303125,   3.060000,     0.0421875
          3.120000, 0.041376201923,   3.180000, 0.040595518868
          3.240000,    0.03984375,   3.300000, 0.039119318182
          3.360000, 0.038420758929,   3.420000, 0.037746710526
          3.480000, 0.037095905172,   3.540000, 0.036467161017
          3.600000,   0.035859375,   3.660000, 0.035271516393
          3.720000, 0.034702620968,   3.780000, 0.034151785714
          3.840000, 0.033618164062,   3.900000, 0.033100961538
          3.960000, 0.032599431818,   4.020000, 0.032112873134
          4.080000,   0.031640625,   4.140000, 0.031182065217
          4.200000, 0.030736607143,   4.260000, 0.030303697183
          4.320000,  0.0298828125,   4.380000, 0.029473458904
          4.440000, 0.029075168919,   4.500000,     0.0286875
          4.560000, 0.028310032895,   4.620000, 0.02794237013
          4.680000, 0.027584134615,   4.740000, 0.027234968354
          4.800000, 0.02689453125,   4.860000,     0.0265625
          4.920000, 0.026238567073,   4.980000, 0.025922439759
          5.040000, 0.025613839286,   5.100000,     0.0253125
          5.160000, 0.025018168605,   5.220000, 0.024730603448
          5.280000, 0.024449573864,   5.340000, 0.024174859551
          5.400000,    0.02390625,   5.460000, 0.023643543956
          5.520000, 0.023386548913,   5.580000, 0.023135080645
          5.640000, 0.022888962766,   5.700000, 0.022648026316
          5.760000, 0.022412109375,   5.820000, 0.022181056701
          5.880000, 0.021954719388,   5.940000, 0.021732954545
          6.000000,   0.021515625

*SPLDCASE
   NAME=e1-x, XY, 0, 1, 1, NO, NO, LOG, 
        SRSS, NO, 0, NO
        e1
   NAME=e1-y, XY, 90, 1, 1, NO, NO, LOG, 
        SRSS, NO, 0, NO
        e1
   NAME=e2-x, XY, 0, 1, 1, NO, NO, LOG, 
        SRSS, NO, 0, NO
        e2
   NAME=e2-y, XY, 90, 1, 1, NO, NO, LOG, 
        SRSS, NO, 0, NO
        e2

*EIGEN-CTRL
   LANCZOS, 5, 20, 1, 1e-010, NO, 0, 0, NO
